	source	target	value
0	0 37 1
1	0 38 1
2	0 39 1
3	0 40 1
4	0 41 1
5	0 42 1
6	0 43 1
7	0 44 1
8	0 45 1
9	0 46 1
10	0 47 1
11	0 48 1
12	0 49 1
13	0 50 1
14	0 51 1
15	0 52 1
16	0 53 1
17	0 54 1
18	0 55 1
19	0 56 1
20	0 57 1
21	0 58 1
22	1 37 1
23	1 44 1
24	2 37 1
25	3 37 1
26	4 38 1
27	5 38 1
28	6 39 1
29	7 40 1
30	7 43 1
31	8 40 1
32	9 40 1
33	9 43 1
34	10 41 1
35	10 46 1
36	10 50 1
37	10 53 1
38	11 42 1
39	12 42 1
40	13 43 1
41	14 43 1
42	15 43 1
43	16 43 1
44	17 44 1
45	18 45 1
46	18 49 1
47	19 47 1
48	19 49 1
49	20 48 1
50	21 48 1
51	22 51 1
52	23 51 1
53	24 52 1
54	24 54 1
55	25 52 1
56	25 55 1
57	25 56 1
58	26 53 1
59	26 55 1
60	26 56 1
61	27 54 1
62	28 54 1
63	29 55 1
64	29 56 1
65	30 55 1
66	31 55 1
67	32 57 1
68	33 57 1
69	34 57 1
70	35 57 1
71	36 58 1
